8787.7001
8732.2998
8654.7001
8623.9003
8581.0000
8551.0000
8520.4003
8498.2001
8458.2998
8439.7001
8410.0000
8393.5996
8380.4003
8364.5000
8327.7998
8320.0996
8292.4003
8272.2998
8251.7001
209715.2031
8204.2998
8193.4003
8175.5000
8149.6000
428116.9062
8197.5000
8187.1000
8164.3999
8124.2998
8082.2001
8090.0000
8130.5000
8216.5000
8386.0996
8906.2998
10100.4003
14539.5996
15990.4003
15836.9003
16272.5996
18092.8007
19629.5000
20934.5996
21073.5000
20977.8007
20680.8007
20458.5000
20378.8007
19142.5996
18210.6992
17636.8007
17863.9003
18061.6992
17919.5996
17430.1992
17258.6992
16859.0996
16630.1992
16443.8007
15752.5996
15717.2998
15799.9003
15906.0000
15957.7001
15778.7998
15712.7001