8451.5996
8752.0996
9291.4003
9931.4003
10793.4003
12304.2998
12902.7001
13459.7998
13876.2998
14031.2001
14091.4003
14590.4003
14768.5996
14979.2998
15200.7998
14998.2998
14364.7998
13601.9003
13377.9003
13107.2998
12964.7998
13007.2998
13262.5996
13746.2998
13847.7001
13783.2998
13643.2998
13615.0000
178532.0000
13753.5000
13819.5000
13709.5000
13541.9003
13373.2001
12911.7001
13057.9003
13150.9003
13187.0996
13291.0996
13446.0996
13372.9003
13316.4003
13281.5996
13203.0996
12905.2998
12088.5000
11858.0996
11634.5996
11434.5996
11382.5996
11430.7998
12852.4003
13751.0000
14364.2998
14476.7001
14054.4003
13769.0996
14940.2001
15766.2001
16653.9003
17975.6992
19347.0000
62860.1015
22137.9003
24229.6992
27148.4003
29703.5996
30648.5996
32183.5996
32430.0000
31422.4003
28421.5996
28926.5000
31899.9003
32888.6992
33386.8007
33754.3007
33876.5000
33823.1992
33291.8007
31944.3007
30690.5000
29911.0000
30329.6992
31111.5996
31608.1992
32044.9003
32066.5996
31689.5000
31337.0000
30664.9003
30138.4003
30881.8007
30970.0000
30651.5000
30096.8007
29477.0000
216436.9062
28833.6992
27777.5996
26621.1992
25038.5000
23604.3007
22261.8007
21810.0000