6658.8999
6658.2998
6646.6000
6647.5000
6650.2001
6636.3999
6621.0000
6620.3999
6635.8999
6715.6000
6756.8999
6816.8999
6965.2998
7212.2001
6874.2998
6412.2998
6342.6000
6457.3999
6503.6000
6301.7001
6304.3999
6296.6000
6263.6000
6270.2001
6351.0000
6655.2001
6793.3999
6886.8999
6964.2001
7038.2998
7064.2998
7058.1000
7063.7001
7087.3999
7084.8999
7015.0000
6973.8999
6978.1000
7003.1000
6997.2998
6993.3999
6983.7998
6964.2001
6968.8999
6993.7998
7021.0000
7023.7001
7001.0000
6932.7001
6914.0000
6917.3999
6842.5000
6764.8999
6943.6000
7002.2001
7030.3999
6968.6000
6909.1000
6915.1000
6950.7001
6980.5000
7028.7001
7067.0000
7101.6000
7122.2998
7146.0000
7099.3999
7070.7001
7058.5000
7073.8999
7086.2001
7098.8999
7107.0000
7125.3999
7154.7001
7234.2001
7449.6000
7546.7001
7665.1000
7729.2001
7783.7998
7817.2001
8346.0000
9075.0996
9448.7001
9550.5996
9848.5000
13521.5996
15369.2001
16578.6992
17806.8007
19041.0000
19940.0996
19966.0996
20009.4003
20526.3007
21221.4003
21471.5000
21383.5996
21992.5996
22298.1992
22552.3007
23463.6992
24684.0000
25772.8007
26436.1992
26756.1992
26962.6992
27531.0000
27544.5000
28791.1992
29264.8007
29227.0996
28905.3007
28426.5000
28585.5000
29083.6992
29944.0000
30105.0996
30174.1992
28488.4003
28736.4003
29623.8007
30095.3007
30504.5000
29461.1992
28556.8007
27624.8007
26397.0000
25476.9003
24850.9003
26000.0000
26646.5000
26488.0996
25722.8007
24525.8007
23698.5996
23121.0000
23303.8007
23553.3007
23980.6992
24345.0000
24230.5996
22882.3007
22459.4003
22348.6992
23156.0000
24332.0996
26879.1992
