6695.8999
6704.7001
6704.5000
6698.2001
6690.5000
6681.0000
6673.2998
6667.2001
6651.7998
6638.7998
6628.2001
6622.2998
6615.2001
6610.3999
6602.2998
6591.7998
6584.5000
6579.1000
6568.5000
6570.7998
6565.5000
6554.8999
6552.8999
6554.3999
6540.1000
6539.3999
6542.2001
6537.2001
6529.2998
6553.1000
6644.5000
6713.0000
6764.2998
6790.2001
6808.0000
6807.1000
6797.1000
7016.0000
7272.1000
7561.3999
8218.7001
9935.5000
10599.0000
11144.5996
11505.2998
11369.2001
9730.7998
9849.2998
10090.5996
10830.2998
11618.0000
12318.0000
13008.7001
13645.5000
14035.5000
14218.0996
14275.0996
14813.4003
15313.2001
15698.7001
16419.6992
17357.4003
17950.1992
17515.0000
16771.6992
15993.2001
15762.0000
15478.0996
15264.5000
16615.5000
17885.6992
19214.1992
20193.5000
20858.0996
19519.6992
18174.5000
17819.0000
18285.9003
19250.9003
20963.4003
20763.6992
20939.0000
20860.4003
20390.6992
20098.9003
19541.9003
19114.6992
18917.5996
18971.9003
19294.8007
19441.5000
17824.5000
17026.9003
16590.4003
16937.1992
17572.3007
18193.9003
18554.0000
18671.0996
18922.5000
19292.0000
19585.3007
97551.3984
18487.0000
18200.1992
18679.1992
19297.4003
19547.0000
19350.5000
18918.5000
18805.1992
18628.4003
18171.6992
16504.6992
8358.0000
6708.3999
6419.0000
6476.3999
6574.7001
6483.7998
6919.2001