7871.3999
7843.3999
7821.5000
7806.0000
15562.4003
7752.8999
7734.0000
7715.6000
7707.1000
7698.1000
7716.0000
7808.7001
7872.3999
7913.1000
7946.3999
7951.1000
7959.6000
7895.7998
7913.2001
7903.5000
7928.0000
7891.2998
7856.2001
7886.0000
7887.3999
7906.2998
7910.2998
7990.5000
8164.8999
8157.3999
8222.0000
8246.7001
8200.5996
8174.2998
8215.5996
8215.7998
8218.2998
8216.2001
8220.2998
16589.9003
8573.2001
8727.4003
8772.7998
8855.5996
9301.5996
13254.5996
16170.9003
17916.0996
18504.1992
18932.9003
19357.1992
19176.0996
19356.0996
19977.3007
20941.0996
21562.8007
21463.6992
21112.9003
21067.4003
21043.3007
20975.0000
21262.5996
21755.4003
22591.5996
22915.4003
23201.3007
23555.0996
23732.5000
23891.5996
23926.1992
23677.0996
23316.1992
22973.6992
22703.5996
21780.4003
21339.6992
21122.4003
20880.9003
20359.4003
20100.5996
20011.8007
19876.5000
19867.4003
19884.5996
19771.1992
19647.0000
19703.4003