7578.3999
7601.6000
7842.3999
8063.7998
8232.0996
8548.4003
8914.0000
9657.0996
10336.5996
10797.2001
10790.0000
10542.2001
10225.2998
10162.0996
10343.2998
10634.0000
10709.2001
11740.7001
13717.4003
20008.3007
22750.0996
24435.4003
25864.1992
27095.1992
28016.1992
28726.6992
28744.4003
28693.5996
28798.5000
29003.3007
58990.0000
29555.1992
29501.6992
29583.5000
29366.8007
28729.5996
27531.5000
27356.5996
27294.6992
27354.5000
27310.0000
27044.6992
26397.3007
26473.3007
26642.5000
26660.0996
26852.9003
27398.1992
26574.8007
25596.9003
24335.9003
22339.9003
21247.4003
20346.1992
18295.0996
17722.6992
17878.9003
18235.5000
18584.5000
19086.8007
25377.3007
27057.4003
28276.5996
28414.8007
26395.4003
24541.4003
22622.1992
21075.1992
20165.3007
19665.3007
20109.9003
20589.0000
20037.1992
19170.6992
18729.5000
18598.0000
18798.5996
18699.0996
18352.6992
18048.6992
17969.6992
18706.3007
20310.8007
22736.4003
25001.1992
27146.5000
29087.5996
30800.5996
31536.3007
32055.5996
32800.8984
32969.0000
31871.6992
31743.4003
31921.1992
32182.0000
32384.6992
32491.1992
33524.8007
33544.1992
32519.3007
31233.5000
30675.1992
30728.8007
31343.9003
31667.4003
31873.0996
32034.5996
32267.5000
32867.8007
33251.3984
33669.8984
33565.0000
33710.6992
34332.0000
35165.8984
35081.3984
34412.0000
33547.8984
33139.3984
33537.8007
33694.3007
33770.1992
34956.1992
36006.6015
36553.1015
74400.6015
38086.8007
38494.5000
39241.6015
40797.8007
37745.1992
17132.5996
9942.0996
7660.7001
