7507.5000
7439.0000
7395.7998
7352.2998
7113.1000
7229.2001
7201.3999
7175.8999
7155.8999
7108.0000
7091.7001
7079.6000
7065.0000
7056.5000
7035.2001
7028.2998
7014.1000
7001.1000
6985.3999
6979.2998
6960.7001
6963.2001
6956.0000
6955.2998
6990.3999
6960.7998
7020.0000
7119.6000
7264.7998
7349.8999
7314.1000
7327.3999
7455.7998
7462.3999
7384.5000
7333.5000
7320.2998
7408.0000
8222.7001
9023.5996
10233.0996
11851.0996
27173.6992
14385.7001
14634.0996
15033.7001
16010.0000
15958.5000
15575.7001
15103.7001
14731.9003
14740.0996
15312.2001
15797.7998
16468.6992
16786.0000
16471.4003
16252.5996
16600.1992
16962.4003
17435.6992
17683.1992
17841.5000
17458.9003
17446.1992
17496.9003
17189.5000
16923.8007
16683.8007
16956.8007
17472.5996
17822.5000
17903.0996
17930.3007
18113.1992
18221.6992
18222.3007
17829.0000
17430.4003
17333.4003
17669.5000
18070.0000
18586.8007
19129.8007
19657.0996
20081.8007
20132.4003
19569.1992