7899.0000
7859.3999
7841.0000
7766.6000
7735.2998
7709.1000
7696.2001
7674.7998
7641.5000
7630.6000
7602.7001
7579.0000
7566.7998
7555.6000
7533.6000
7516.3999
7500.1000
7487.2998
7468.6000
7459.7998
7443.0000
7431.2998
7413.5000
7394.2998
7396.2001
7390.0000
7363.6000
7331.7998
7277.2998
7236.3999
7202.7998
7226.2001
7319.0000
7421.8999
7586.8999
7566.2998
7567.1000
8052.2998
8230.9003
8731.4003
9654.5000
11658.5996
30737.0000
16170.2001
15139.5000
13955.0996
12953.2001
11721.9003
10581.0996
11265.7001
12211.7001
12821.5000
14465.0000
16752.5996
20461.1992
21061.1992
21672.6992
22422.6992
23304.5000
24096.9003
23933.3007
23758.5000
23627.1992
23913.1992
23866.1992
22975.3007
21502.0000
21489.5996
21928.3007
22813.5000
23487.4003
46615.3984
22645.0996
22567.9003
23051.0996
23332.0000
23390.9003
24033.0000
25664.8007
26470.9003
27235.1992
27180.0000
27005.6992
27034.0996
27878.0996
29123.4003
30034.0996
30805.1992
31641.4003
33053.1992
31322.6992
28654.0996
26067.5996
23057.1992
19309.5996
13468.0000
13459.2001
15456.9003
18727.5000
20916.0996