7147.7998
7126.7001
7100.2998
7086.7998
7073.5000
7056.8999
7031.2998
7020.7998
7002.7998
6983.6000
6970.5000
6958.0000
6947.0000
6938.1000
6919.8999
6904.3999
6905.2998
6902.1000
7037.2001
7300.1000
7540.2001
7710.1000
8391.2001
10471.2998
17194.0996
22087.3007
27023.1992
30510.5996
32867.3984
35399.3007
35167.0000
33783.8984
32436.1992
30674.0996
28948.9003
28946.5996
28122.8007
27977.3007
29045.5996
29942.5996
29722.3007
29876.1992
30758.4003
31498.8007
31631.5000
31340.0996
30694.0996
29964.1992
29073.4003
28218.5000
28081.9003
28327.0996
27555.1992
27349.6992
27786.6992
28488.0996
28954.0996
29071.3007
28554.0000
28926.8007
29372.0996
30205.5000
60998.3984
31174.8007
32363.9003
32626.9003
31990.1992
31034.0996
30276.1992
29492.4003
28533.4003
27925.1992
27731.0996
27282.8007
27171.0996
28016.6992
30935.5000
34216.1015
34721.3984
29022.6992
10686.7998
7976.2998
7181.0000
7045.2998
6999.5000
